0 0 0 0 0 0 0 0 1
3	5 20 50
6
0.294	0.321	0.34996	0.3802	0.412	0.45146
100
22822
6762
11894
25369
12339
33170
32847
31703
491
7270
13939
18272
13889
23195
5160
15950
30882
37814
10348
23588
12048
35166
19269
3607
18782
25382
37735
7625
433
33378
13855
5946
13365
18455
3225
18783
7140
10232
23280
37020
3106
12227
24955
21813
27298
31176
15354
1108
31086
5875
38167
6877
6484
7262
38313
28427
37853
17399
17748
32321
1252
11002
21003
4210
26771
5143
12326
20055
10656
35038
26160
29992
19252
1762
23973
347
34044
19092
35223
8612
20660
37547
7543
16067
17703
26261
35676
21962
17610
8076
24797
29755
863
12734
32730
16222
27160
18906
17236
12637
